100 100 1000
196 28 410
3 108 861
178 77 401
142 45 59
40 122 145
109 61 425
15 126 889
189 175 435
195 169 33
145 169 711
87 162 441
135 153 649
159 68 979
49 159 437
43 125 651
110 119 661
99 123 472
69 127 837
42 131 778
30 193 155
191 143 287
38 114 133
76 173 491
159 168 560
66 153 523
87 172 735
18 130 933
67 129 131
104 183 392
111 198 235
82 146 612
168 42 534
11 187 281
172 116 699
166 122 184
73 108 863
116 61 686
96 141 782
57 129 377
123 124 510
180 149 36
103 45 268
33 198 137
111 177 481
184 182 211
76 167 708
155 184 1
51 152 843
134 150 858
192 51 46
109 154 498
197 33 717
91 148 893
161 143 552
159 26 14
98 138 325
172 171 756
77 144 585
147 31 880
133 96 473
149 177 197
12 113 954
44 136 68
93 171 615
192 175 40
24 160 783
181 66 803
36 103 286
14 112 442
135 176 78
153 21 402
77 129 168
185 178 404
149 19 188
78 129 906
150 127 997
122 78 611
73 144 271
74 135 290
189 44 553
178 66 700
27 130 424
44 128 367
132 179 677
156 133 890
120 72 925
153 77 569
123 135 338
112 171 518
91 192 152
200 164 825
155 176 766
139 31 176
121 142 851
144 157 313
161 200 656
10 194 173
133 113 894
12 126 619
108 69 697
89 185 902
18 121 628
3 182 567
116 59 241
74 190 836
7 168 897
63 178 160
52 188 850
139 91 262
65 102 983
173 56 156
38 105 461
70 123 904
150 43 514
183 173 328
199 165 576
97 167 680
146 33 144
77 135 643
197 130 796
140 27 547
149 183 762
187 100 475
86 146 633
149 179 55
187 135 736
157 21 305
17 183 205
192 140 432
27 174 943
102 192 383
156 196 742
133 34 164
121 21 976
29 107 900
142 78 769
154 84 982
8 193 581
144 68 111
106 158 147
131 187 527
13 114 474
48 104 667
55 198 537
35 159 368
19 185 391
138 92 175
115 27 522
149 88 381
15 122 485
11 189 597
178 24 121
196 103 17
97 124 629
150 16 303
134 60 227
196 44 707
178 73 153
49 149 975
77 155 81
60 166 250
18 108 601
149 195 49
153 93 61
134 58 870
176 27 208
90 187 242
116 6 191
198 73 614
54 158 142
166 112 561
121 59 177
26 179 119
166 129 528
177 36 284
17 102 398
64 176 244
127 110 445
32 114 530
87 158 980
2 129 529
131 172 324
156 106 27
172 81 162
110 157 513
200 158 675
35 144 220
141 56 101
196 76 572
119 178 114
2 123 89
154 17 353
120 176 428
115 160 845
163 88 842
14 195 124
28 192 592
195 3 960
118 38 163
162 46 16
126 157 245
145 139 888
104 200 759
66 196 11
113 143 113
107 109 757
136 70 685
24 119 366
122 38 784
160 2 625
116 165 10
64 116 5
134 29 874
157 33 813
84 126 761
134 88 41
117 105 285
178 39 621
175 185 818
182 183 936
61 189 501
150 133 35
107 102 198
152 174 582
111 163 350
160 179 575
104 186 849
184 38 821
72 194 724
61 182 885
20 179 296
114 56 673
126 65 520
189 141 233
132 4 521
183 85 799
136 31 914
136 150 600
158 107 264
176 86 737
56 101 52
137 54 503
14 101 872
38 102 931
132 51 48
53 128 417
141 90 740
143 61 682
107 193 512
169 108 189
104 133 217
159 153 444
131 199 84
104 152 868
176 98 117
149 63 977
197 124 636
133 162 819
166 161 743
186 64 781
148 75 458
193 98 727
18 137 83
140 142 19
110 10 664
116 63 82
127 140 542
116 82 454
4 186 683
185 50 905
107 88 98
16 191 221
128 17 710
7 160 780
1 171 54
8 135 616
25 122 565
127 92 265
159 97 159
134 177 47
51 180 423
103 170 962
83 131 873
169 11 731
60 194 87
113 182 704
25 128 659
130 65 269
151 24 892
39 107 915
45 135 928
196 34 85
90 182 337
1 113 376
56 125 551
141 7 969
46 167 483
172 58 282
161 36 948
103 113 186
124 195 389
192 84 90
170 157 169
133 164 583
145 152 719
112 26 479
28 144 990
129 90 415
140 7 180
170 198 406
197 5 883
104 99 165
51 136 831
35 198 840
134 67 800
92 142 138
166 81 595
50 109 809
130 155 396
161 21 299
71 114 690
137 170 161
126 113 342
46 101 729
78 177 118
156 66 950
110 150 311
142 129 321
11 157 115
11 145 349
142 104 968
54 134 917
123 60 882
180 115 856
178 64 419
102 22 770
188 157 806
68 120 478
154 147 348
130 124 151
13 152 587
50 118 855
26 148 654
192 46 480
8 157 207
126 162 190
155 33 898
100 160 307
177 88 875
52 181 879
195 46 776
137 39 105
52 114 744
112 127 525
94 125 312
25 159 937
156 105 31
130 126 988
195 2 952
175 46 644
44 102 995
78 168 254
43 109 835
94 127 509
7 169 234
134 79 63
163 82 822
122 136 571
135 89 973
187 38 701
180 197 408
176 28 463
105 22 178
186 2 466
145 111 136
1 196 630
155 65 323
43 148 691
122 126 658
104 37 126
156 68 326
170 101 912
192 94 248
177 12 984
41 119 252
142 109 28
95 157 341
181 109 533
178 106 431
20 181 12
13 132 923
35 104 716
83 167 817
138 88 206
155 116 978
125 167 58
36 137 876
179 195 356
142 131 492
26 197 182
24 127 13
84 181 107
118 145 259
156 160 804
186 95 961
63 172 203
117 148 267
194 98 598
117 120 852
169 111 388
127 141 864
41 129 847
29 110 623
139 61 476
177 188 210
152 3 22
63 131 23
165 195 545
127 189 170
193 77 273
108 167 359
83 124 257
112 15 7
90 195 887
190 98 77
160 58 930
132 84 524
199 157 64
10 161 455
126 16 771
125 103 922
103 29 556
162 14 218
77 156 546
95 195 293
24 173 517
75 143 657
114 143 29
155 21 604
154 111 74
173 193 773
160 139 985
30 147 100
134 102 951
137 83 71
94 194 192
49 137 739
53 159 907
187 160 30
81 133 749
128 82 504
151 150 223
173 44 941
86 107 297
130 12 298
162 106 721
41 185 37
192 59 841
6 185 500
166 55 487
130 192 920
136 12 662
20 130 829
196 37 179
25 132 86
152 88 449
185 53 652
178 65 212
24 163 584
126 87 387
179 146 125
29 105 558
131 195 231
189 21 70
121 64 989
12 131 814
138 107 618
194 32 154
184 43 886
17 162 955
169 95 292
119 20 51
164 123 718
159 23 128
119 195 650
30 104 570
43 139 791
144 22 853
36 110 127
123 165 932
125 34 226
127 188 73
139 55 526
61 180 816
21 132 909
62 113 768
189 161 554
24 116 516
45 161 726
162 62 355
120 99 911
137 12 866
190 14 540
148 108 934
124 95 958
53 174 24
108 133 811
26 102 549
170 146 295
41 151 66
139 154 34
169 118 62
73 186 541
82 164 157
89 198 276
112 11 493
105 186 794
165 152 564
191 112 319
113 67 810
81 139 924
179 135 574
196 175 457
15 123 580
143 69 637
97 117 497
170 123 763
139 20 638
136 35 213
97 108 752
115 10 453
195 94 823
190 124 844
52 170 496
109 141 488
117 20 373
55 145 919
110 85 167
5 160 374
144 26 346
194 12 15
116 102 967
130 109 42
131 132 69
186 174 135
10 183 634
161 31 789
197 119 384
150 123 362
42 175 646
31 184 640
14 128 910
131 86 361
121 168 306
106 71 687
81 178 678
7 154 120
75 124 591
156 84 477
117 137 471
82 149 330
40 185 399
180 92 996
114 177 345
176 94 953
130 184 447
127 115 382
175 103 754
40 161 507
125 188 97
60 158 32
61 188 360
191 64 566
145 33 964
38 126 944
157 161 939
62 184 774
160 175 720
95 112 199
182 86 859
166 45 694
88 139 938
4 185 543
85 108 194
151 119 333
162 179 80
45 198 505
138 192 820
115 38 91
70 194 764
120 18 174
126 200 116
117 85 728
178 12 263
100 197 970
139 7 129
163 69 230
195 45 489
185 148 256
169 170 103
188 192 204
188 98 79
7 166 947
2 144 340
122 184 672
85 138 603
172 34 972
176 75 219
128 69 578
37 152 112
21 137 316
109 199 846
164 51 224
101 173 464
26 131 484
166 42 508
140 58 573
26 164 655
185 64 20
122 29 544
9 167 607
176 13 215
10 172 132
70 172 418
16 171 123
5 150 676
94 183 760
179 42 788
135 67 548
7 199 971
107 83 44
15 104 854
178 83 539
166 140 433
187 21 732
45 186 237
100 179 712
114 37 805
151 47 275
111 73 108
166 117 642
173 144 141
165 100 347
190 11 239
14 116 807
174 125 67
165 106 562
174 23 703
133 130 38
77 169 946
183 74 354
178 115 586
19 127 913
145 162 411
134 109 187
187 29 390
172 86 674
138 47 302
36 187 772
15 146 460
18 181 304
172 1 681
169 51 723
161 127 26
193 41 867
129 162 371
144 92 378
66 193 688
165 162 593
94 162 502
161 64 738
158 141 865
67 112 798
170 72 122
123 97 956
36 142 871
93 104 992
173 8 300
66 146 96
140 146 624
164 120 648
87 194 832
142 91 172
52 150 436
141 70 50
21 119 877
125 5 421
184 177 692
144 198 663
150 11 895
188 167 715
42 144 45
173 17 200
118 189 599
46 161 158
161 171 550
153 123 901
125 53 385
170 92 351
151 178 999
101 95 294
192 54 266
95 123 1000
143 88 339
135 48 209
71 154 689
186 115 991
31 177 965
33 112 358
184 172 695
21 151 963
68 137 555
73 143 143
164 196 945
130 30 632
160 67 745
119 137 25
200 70 468
109 19 862
158 25 568
185 101 222
106 29 609
81 188 357
115 166 289
164 66 535
59 187 228
117 174 538
139 188 327
31 119 753
66 143 53
6 121 499
75 117 318
171 95 702
48 184 247
135 87 317
167 17 709
120 73 429
20 108 536
161 138 792
14 152 482
7 146 515
185 113 258
154 50 102
134 121 450
88 105 130
193 65 270
196 182 246
54 185 839
121 158 278
159 186 981
87 149 261
185 109 238
127 20 746
185 188 631
84 200 139
63 194 365
162 64 451
177 135 857
193 191 99
115 35 714
112 107 765
169 37 448
104 174 426
131 163 110
113 47 253
83 136 214
146 63 93
23 118 462
65 139 393
57 145 185
112 128 653
143 148 2
100 111 92
68 111 109
43 158 134
75 181 372
173 148 202
195 68 787
161 114 380
57 107 750
67 109 395
62 121 942
183 100 291
177 62 240
172 130 216
114 2 4
70 106 696
81 149 620
158 2 331
130 193 848
191 22 76
165 41 741
193 180 386
150 198 668
39 185 280
131 28 405
165 65 236
74 118 669
86 120 826
56 165 824
179 58 465
146 195 225
155 94 596
62 174 940
123 163 18
24 103 370
29 101 506
186 160 400
89 160 748
56 108 467
123 19 626
153 2 665
24 176 195
165 46 310
159 78 531
124 55 670
191 188 470
52 185 705
111 140 456
159 93 363
143 87 671
116 140 277
151 69 801
99 167 808
56 110 722
191 11 795
186 63 193
139 104 713
93 175 755
87 197 884
36 196 329
43 162 777
8 199 57
149 25 94
197 74 251
130 165 797
139 26 283
178 61 335
81 197 860
167 11 588
153 26 935
23 106 146
196 194 908
119 109 878
161 156 786
155 91 229
195 69 260
166 59 779
186 189 641
27 132 315
39 181 993
135 186 364
141 41 21
127 64 838
183 112 201
138 103 494
198 62 422
174 43 608
121 90 589
198 68 443
189 101 747
136 71 334
97 148 957
137 160 439
82 144 279
39 164 532
159 14 486
110 59 918
199 17 881
59 146 519
160 46 828
37 105 416
147 187 606
2 119 834
178 100 751
67 105 815
130 153 394
185 49 412
177 186 684
99 178 605
109 115 332
94 161 232
78 173 639
55 184 322
186 182 106
63 160 8
181 22 802
187 122 420
106 94 314
184 66 469
39 127 288
153 70 647
66 125 916
13 102 403
88 131 679
59 122 559
180 10 812
33 110 617
192 47 830
171 54 698
198 77 39
168 193 243
79 193 869
197 46 440
26 175 414
19 177 734
109 148 974
41 196 730
150 159 627
51 106 320
168 11 929
126 53 140
119 88 926
197 85 148
34 177 452
101 25 434
151 171 95
198 92 150
11 149 557
166 78 610
61 110 369
97 133 427
54 132 379
159 96 793
25 126 921
189 37 994
171 62 438
107 173 430
27 117 104
103 140 577
84 182 183
96 182 903
107 1 75
197 34 891
127 70 613
146 191 181
116 167 88
152 70 827
28 145 309
73 103 833
126 72 9
192 141 56
144 48 959
91 166 785
132 136 308
105 98 622
97 130 3
43 140 249
64 195 758
167 51 725
70 146 775
174 1 344
44 169 6
161 35 375
140 37 986
190 93 790
123 27 602
167 161 927
140 74 511
198 83 594
88 174 733
143 21 413
91 126 998
176 33 966
137 158 579
193 57 43
147 116 590
98 147 635
77 151 949
176 84 645
111 55 397
11 118 166
38 168 495
110 41 706
65 196 490
191 78 272
136 169 407
79 101 987
172 108 60
144 138 409
166 65 446
138 190 336
176 181 693
142 13 352
176 39 767
172 192 255
136 166 343
17 176 196
129 131 149
43 145 899
29 126 660
112 50 896
5 189 171
171 166 301
157 78 666
156 40 563
178 31 459
152 78 72
180 66 65
183 98 274